hour,energy,battery_charge,sunlight,temperature
0,0.0,0.0,0.0,9.147622279579952
1,0.0,0.0,0.0,8.596838367887308
2,0.0,0.0,0.0,11.347523932350594
3,0.0,0.0,0.0,12.093773111560441
4,0.0,0.0,0.0,15.55691765945261
5,0.0,0.0,0.0,15.57477027820053
6,0.0,0.0,0.0,18.557948445580838
7,0.03623466631435291,0.03623466631435291,0.18117333157176452,21.559541660711222
8,0.06964188344405595,0.10587654975840885,0.3499999999999999,26.023190159840123
9,0.09855644124296016,0.20443299100136902,0.49497474683058323,25.885920192826703
10,0.11822087936556001,0.32265387036692905,0.606217782649107,29.986124212741863
11,0.1325233726555408,0.45517724302246987,0.6761480784023478,29.00244134587098
12,0.13547474965841388,0.5906519926808838,0.7,31.464643345123022
13,0.1329123922926435,0.7235643849735273,0.6761480784023478,28.427094540150613
14,0.12019258625947604,0.8437569712330033,0.6062177826491071,26.73365133855487
15,0.09698810495539048,0.9407450761883938,0.49497474683058323,29.054437976030858
16,0.06999999999999998,1.0107450761883938,0.3499999999999999,23.175770680981007
17,0.036234666314352945,1.0469797425027467,0.1811733315717647,23.137492500039748
18,1.7145055188062947e-17,1.0469797425027467,8.572527594031472e-17,20.031448632642984
19,0.0,1.0469797425027467,0.0,18.261602817682615
20,0.0,1.0469797425027467,0.0,16.16634773250728
21,0.0,1.0469797425027467,0.0,12.026463232053352
22,0.0,1.0469797425027467,0.0,12.603207735148704
23,0.0,1.0469797425027467,0.0,9.604951268160264
